 -2.14285714e+00 -9.42857143e-01 -1.60890788e-01
 -2.65714286e+00 -2.31428571e+00 2.59300149e-03
 -2.57142857e-01 -9.42857143e-01 1.60990371e+00
 -2.48571429e+00 -8.57142857e-02 -3.09461022e-01
 -4.28571429e-01 1.28571429e+00 5.59060840e+00
 2.57142857e-01 1.97142857e+00 5.71080907e+00
 -2.14285714e+00 -1.62857143e+00 4.68509371e-02
 -4.28571429e-01 1.62857143e+00 6.71287572e+00
 -1.62857143e+00 -2.14285714e+00 4.22070843e-02
 8.57142857e-02 -2.48571429e+00 -1.67953574e+00
 7.71428571e-01 1.97142857e+00 3.40363673e+00
 1.97142857e+00 2.65714286e+00 2.46081328e-02
 1.11428571e+00 7.71428571e-01 2.28307852e+00
 1.45714286e+00 -2.82857143e+00 -6.88392282e-02
 -4.28571429e-01 -2.31428571e+00 -1.70294878e+00
 1.28571429e+00 6.00000000e-01 2.60179815e+00
 -2.82857143e+00 2.31428571e+00 6.45934885e-04
 -9.42857143e-01 -2.82857143e+00 -8.61367627e-02
 -2.31428571e+00 2.48571429e+00 7.99589525e-03
 -1.11428571e+00 2.65714286e+00 3.25351525e-01
 1.28571429e+00 -1.62857143e+00 -1.26258416e+00
 9.42857143e-01 -4.28571429e-01 2.16939021e+00
 1.80000000e+00 -8.57142857e-02 2.15982423e+00
 2.57142857e-01 1.28571429e+00 6.22987816e+00
 -6.00000000e-01 2.14285714e+00 3.18516637e+00
 7.71428571e-01 -2.65714286e+00 -6.20110309e-01
 1.45714286e+00 9.42857143e-01 1.74614321e+00
 2.65714286e+00 2.48571429e+00 2.01311767e-03
 2.31428571e+00 9.42857143e-01 2.46541980e-01
 6.00000000e-01 -1.97142857e+00 -4.11891283e+00
 4.28571429e-01 1.62857143e+00 6.71429197e+00
 -1.80000000e+00 -4.28571429e-01 -1.26991826e+00
 -7.71428571e-01 1.80000000e+00 4.00512441e+00
 1.11428571e+00 -1.28571429e+00 -1.29170528e+00
 2.14285714e+00 -6.00000000e-01 6.93730327e-01
 -1.62857143e+00 -1.97142857e+00 7.56453096e-02
 -2.65714286e+00 -2.57142857e-01 -1.46667688e-01
 -1.28571429e+00 2.48571429e+00 3.68609462e-01
 1.28571429e+00 3.00000000e+00 5.78582241e-02
 2.31428571e+00 -2.31428571e+00 -7.78453162e-03
 4.28571429e-01 9.42857143e-01 2.52603734e+00
 2.65714286e+00 7.71428571e-01 8.79014717e-02
 -4.28571429e-01 -9.42857143e-01 2.45454959e+00
 -1.97142857e+00 2.14285714e+00 7.75438375e-02
 -1.28571429e+00 -7.71428571e-01 4.17517530e-01
 2.48571429e+00 -4.28571429e-01 2.66033927e-01
 -2.82857143e+00 -2.57142857e-01 -7.17588787e-02
 1.80000000e+00 3.00000000e+00 1.20091624e-02
 6.00000000e-01 4.28571429e-01 6.63397894e-01
 4.28571429e-01 -2.57142857e-01 3.65681368e-01
 -1.11428571e+00 8.57142857e-02 -2.46336810e+00
 3.00000000e+00 -1.62857143e+00 2.29761122e-03
 2.57142857e-01 1.80000000e+00 6.91208872e+00
 -4.28571429e-01 2.48571429e+00 1.63676555e+00
 -4.28571429e-01 1.11428571e+00 4.13594840e+00
 -8.57142857e-02 2.82857143e+00 6.02476927e-01
 9.42857143e-01 1.28571429e+00 3.27504591e+00
 -2.31428571e+00 2.57142857e-01 -5.50567731e-01
 -8.57142857e-02 -2.82857143e+00 -4.78519195e-01
 -4.28571429e-01 2.57142857e-01 8.87219789e-01
 -6.00000000e-01 -8.57142857e-02 1.37576507e+00
 1.80000000e+00 2.14285714e+00 2.01046402e-01
 2.31428571e+00 -1.28571429e+00 9.86256816e-02
 1.80000000e+00 1.11428571e+00 8.14347719e-01
 -1.80000000e+00 -2.57142857e-01 -1.64038496e+00
 1.97142857e+00 1.97142857e+00 1.55944216e-01
 -8.57142857e-02 3.00000000e+00 2.97693448e-01
 1.62857143e+00 -3.00000000e+00 -1.92620273e-02
 -1.11428571e+00 1.11428571e+00 4.14355125e-01
 -4.28571429e-01 -1.97142857e+00 -3.10511096e+00
 2.14285714e+00 -1.11428571e+00 2.64439826e-01
 -1.45714286e+00 1.28571429e+00 1.22720358e-01
 2.48571429e+00 1.28571429e+00 7.30027089e-02
 -2.57142857e-01 6.00000000e-01 9.41752473e-01
 -1.97142857e+00 -1.11428571e+00 -3.37053424e-02
 -2.14285714e+00 1.97142857e+00 4.05393958e-02
 -2.48571429e+00 -1.11428571e+00 -3.53069578e-02
 2.57142857e-01 -1.45714286e+00 -6.14591829e+00
 1.62857143e+00 -7.71428571e-01 1.52552889e+00
 -2.31428571e+00 2.31428571e+00 1.18553495e-02
 -7.71428571e-01 -2.48571429e+00 -5.18003820e-01
 2.14285714e+00 2.48571429e+00 2.19132693e-02
 -3.00000000e+00 -1.80000000e+00 6.95167997e-04
 -2.31428571e+00 7.71428571e-01 -3.29438470e-01
 -2.31428571e+00 9.42857143e-01 -2.37855419e-01
 4.28571429e-01 -9.42857143e-01 -1.77824600e+00
 -1.62857143e+00 -1.28571429e+00 2.90450652e-01
 1.97142857e+00 -9.42857143e-01 6.07975209e-01
 2.57142857e-01 6.00000000e-01 3.54897483e-01
 6.00000000e-01 -2.48571429e+00 -1.33429738e+00
 2.14285714e+00 -2.82857143e+00 -4.42887328e-03
 -2.57142857e-01 -1.45714286e+00 -3.73998719e+00
 2.57142857e-01 -2.14285714e+00 -3.87010888e+00
 1.62857143e+00 1.45714286e+00 8.91005376e-01
 -1.80000000e+00 1.97142857e+00 1.91833373e-01
 -1.28571429e+00 4.28571429e-01 -2.81950214e+00
 1.80000000e+00 -1.62857143e+00 -1.14562632e-01
 7.71428571e-01 -9.42857143e-01 -9.18064545e-01
 -2.65714286e+00 -2.82857143e+00 6.35490079e-04
 -1.80000000e+00 -2.82857143e+00 7.97626653e-03
 2.82857143e+00 -1.62857143e+00 4.77163370e-03
 -3.00000000e+00 1.97142857e+00 -3.88446863e-05
 -2.82857143e+00 -4.28571429e-01 -6.07511979e-02
 3.00000000e+00 -3.00000000e+00 -5.86418787e-06
 -1.97142857e+00 3.00000000e+00 5.95261558e-03
 -7.71428571e-01 7.71428571e-01 -4.53993248e-02
 -2.57142857e-01 -2.57142857e-01 2.66780685e+00
 -7.71428571e-01 -2.57142857e-01 1.11459275e+00
 -8.57142857e-02 2.57142857e-01 7.51401767e-01
 -7.71428571e-01 4.28571429e-01 -9.21290469e-01
 2.82857143e+00 -7.71428571e-01 4.34754206e-02
 -1.97142857e+00 9.42857143e-01 -5.90962984e-01
 6.00000000e-01 2.14285714e+00 3.20110126e+00
 7.71428571e-01 -6.00000000e-01 9.37134519e-01
 1.28571429e+00 -1.11428571e+00 1.28946796e-01
 3.00000000e+00 1.11428571e+00 1.00422391e-02
 -3.00000000e+00 -2.65714286e+00 2.06627522e-04
 -1.11428571e+00 1.45714286e+00 1.83936335e+00
 6.00000000e-01 -7.71428571e-01 -3.78186015e-01
 -4.28571429e-01 7.71428571e-01 1.37436778e+00
 -9.42857143e-01 -8.57142857e-02 -9.62815761e-01
 4.28571429e-01 -6.00000000e-01 1.72363792e-01
 2.57142857e-01 1.11428571e+00 4.55030565e+00
 3.00000000e+00 2.48571429e+00 3.10316771e-04
 -2.65714286e+00 -1.97142857e+00 4.51136277e-03
 -3.00000000e+00 -4.28571429e-01 -2.79356621e-02
 -6.00000000e-01 -2.31428571e+00 -1.23827740e+00
 -4.28571429e-01 -3.00000000e+00 -1.56268833e-01
 -1.80000000e+00 -7.71428571e-01 -4.63602471e-01
 -1.11428571e+00 6.00000000e-01 -2.11282848e+00
 -6.00000000e-01 1.97142857e+00 4.24367638e+00
 9.42857143e-01 -1.97142857e+00 -2.45527020e+00
 7.71428571e-01 1.62857143e+00 4.57134672e+00
 -1.28571429e+00 1.62857143e+00 1.27538290e+00
 -3.00000000e+00 4.28571429e-01 -3.14098133e-02
 -1.97142857e+00 7.71428571e-01 -8.39404343e-01
 -3.00000000e+00 1.45714286e+00 -3.64426745e-03
 1.62857143e+00 -2.14285714e+00 -2.71616684e-01
 -2.82857143e+00 -6.00000000e-01 -4.74327126e-02
 -3.00000000e+00 -9.42857143e-01 -1.03762492e-02
 1.62857143e+00 3.00000000e+00 2.14871837e-02
 -2.31428571e+00 -1.45714286e+00 1.46409328e-02
 2.65714286e+00 -8.57142857e-02 1.58403048e-01
 1.97142857e+00 -1.28571429e+00 2.00996657e-01
 1.28571429e+00 -1.28571429e+00 -5.60204908e-01
 -1.62857143e+00 -1.62857143e+00 2.00712375e-01
 2.48571429e+00 -1.62857143e+00 1.42231356e-02
 1.62857143e+00 -2.31428571e+00 -1.92754739e-01
 2.82857143e+00 -6.00000000e-01 5.42833386e-02
 7.71428571e-01 -2.82857143e+00 -3.31104975e-01
 1.80000000e+00 2.65714286e+00 4.63708250e-02
 -7.71428571e-01 -4.28571429e-01 2.01694757e+00
 -2.14285714e+00 -7.71428571e-01 -3.06040697e-01
 -1.97142857e+00 6.00000000e-01 -1.07765896e+00
 -1.80000000e+00 -6.00000000e-01 -8.54088190e-01
 2.14285714e+00 -2.48571429e+00 -1.35912470e-02
 9.42857143e-01 -1.28571429e+00 -2.25168367e+00
 2.65714286e+00 2.57142857e-01 1.47935718e-01
 -2.82857143e+00 3.00000000e+00 8.99402577e-05
 -2.65714286e+00 -2.65714286e+00 1.08169616e-03
 -8.57142857e-02 -8.57142857e-02 1.54093501e+00
 -2.57142857e-01 2.65714286e+00 1.06441269e+00
 -2.48571429e+00 -2.57142857e-01 -2.79187597e-01
 -1.62857143e+00 1.62857143e+00 3.56453190e-01
 9.42857143e-01 1.62857143e+00 3.50741489e+00
 1.97142857e+00 2.57142857e-01 1.40780123e+00
 2.48571429e+00 1.62857143e+00 3.84711749e-02
 1.97142857e+00 2.82857143e+00 1.29514416e-02
 -1.45714286e+00 7.71428571e-01 -1.72405590e+00
 9.42857143e-01 1.11428571e+00 2.80952770e+00
 -8.57142857e-02 -2.14285714e+00 -3.59427205e+00
 3.00000000e+00 2.82857143e+00 8.58199723e-05
 3.00000000e+00 -1.28571429e+00 6.77256918e-03
 1.11428571e+00 4.28571429e-01 2.82372916e+00
 -4.28571429e-01 2.65714286e+00 9.46110079e-01
 -2.48571429e+00 -3.00000000e+00 7.19748089e-04
 -1.62857143e+00 3.00000000e+00 2.07648135e-02
 -1.45714286e+00 1.45714286e+00 5.11972529e-01
 2.14285714e+00 -1.28571429e+00 1.51028700e-01
 -1.28571429e+00 -8.57142857e-02 -2.55491789e+00
 -6.00000000e-01 4.28571429e-01 -1.36821385e-02
 7.71428571e-01 -1.45714286e+00 -4.06497849e+00
 7.71428571e-01 1.80000000e+00 4.14660380e+00
 -6.00000000e-01 2.65714286e+00 7.92479950e-01
 -2.57142857e-01 1.45714286e+00 7.38268677e+00
 1.80000000e+00 7.71428571e-01 1.24410210e+00
 -7.71428571e-01 2.65714286e+00 6.25381794e-01
 -2.57142857e-01 -1.11428571e+00 -2.27583369e-01
 2.65714286e+00 4.28571429e-01 1.31248419e-01
 1.45714286e+00 -8.57142857e-02 3.36006221e+00
 -1.80000000e+00 -1.80000000e+00 1.05069722e-01
 -2.31428571e+00 -2.65714286e+00 4.08091863e-03
 2.48571429e+00 -2.57142857e-01 2.96244407e-01
 1.28571429e+00 1.62857143e+00 1.79826137e+00
 -8.57142857e-02 -2.48571429e+00 -1.56663651e+00
 9.42857143e-01 -2.31428571e+00 -1.27484710e+00
 1.62857143e+00 -1.97142857e+00 -3.40405242e-01
 9.42857143e-01 2.82857143e+00 2.50378669e-01
 -4.28571429e-01 -6.00000000e-01 3.76316800e+00
 -2.14285714e+00 -3.00000000e+00 2.33230582e-03
 2.65714286e+00 1.11428571e+00 4.95511916e-02
 -1.97142857e+00 2.48571429e+00 3.70028057e-02
 -7.71428571e-01 -2.14285714e+00 -1.13921010e+00
 4.28571429e-01 -2.31428571e+00 -2.46334741e+00
 -4.28571429e-01 -2.65714286e+00 -6.19427680e-01
 1.11428571e+00 -1.97142857e+00 -1.69198578e+00
 1.62857143e+00 2.48571429e+00 1.44508866e-01
 2.65714286e+00 1.80000000e+00 1.24838758e-02
 -1.45714286e+00 2.14285714e+00 5.11206789e-01
 -8.57142857e-02 2.65714286e+00 1.12874541e+00
 -1.80000000e+00 6.00000000e-01 -1.52532556e+00
 8.57142857e-02 -6.00000000e-01 1.39687066e+00
 2.31428571e+00 -2.48571429e+00 -5.42751399e-03
 -2.82857143e+00 -2.31428571e+00 1.16504596e-03
 -7.71428571e-01 2.82857143e+00 3.34048267e-01
 -1.11428571e+00 4.28571429e-01 -2.52632699e+00
 -3.00000000e+00 -2.14285714e+00 6.47412699e-04
 7.71428571e-01 2.65714286e+00 6.28518979e-01
 2.82857143e+00 -1.97142857e+00 7.78136576e-04
 -4.28571429e-01 1.80000000e+00 6.15344052e+00
 -2.57142857e-01 -1.97142857e+00 -3.98873231e+00
 -1.80000000e+00 8.57142857e-02 -2.01844500e+00
 2.82857143e+00 2.57142857e-01 6.99234061e-02
 1.80000000e+00 2.57142857e-01 2.02169928e+00
 1.11428571e+00 -1.45714286e+00 -1.86074674e+00
 1.80000000e+00 -1.97142857e+00 -1.66041858e-01
 -4.28571429e-01 -8.57142857e-02 2.02767739e+00
 2.48571429e+00 1.11428571e+00 9.94512046e-02
 -7.71428571e-01 2.31428571e+00 1.71884274e+00
 -4.28571429e-01 4.28571429e-01 6.10443711e-01
 1.11428571e+00 1.62857143e+00 2.56928830e+00
 2.82857143e+00 1.45714286e+00 1.14909836e-02
 -7.71428571e-01 1.45714286e+00 4.10793227e+00
 -2.31428571e+00 -1.62857143e+00 2.27787582e-02
 1.11428571e+00 2.82857143e+00 1.76466828e-01
 -4.28571429e-01 8.57142857e-02 1.38667733e+00
 1.62857143e+00 1.11428571e+00 1.16407616e+00
 2.14285714e+00 2.65714286e+00 1.23418514e-02
 1.11428571e+00 -2.65714286e+00 -3.24904693e-01
 -1.45714286e+00 8.57142857e-02 -2.93013908e+00
 6.00000000e-01 1.11428571e+00 3.65249458e+00
 -7.71428571e-01 -6.00000000e-01 2.73149000e+00
 1.11428571e+00 3.00000000e+00 8.70540198e-02
 1.80000000e+00 -3.00000000e+00 -1.01030014e-02
 -4.28571429e-01 2.82857143e+00 5.05017414e-01
 -9.42857143e-01 -2.57142857e-01 -1.34034733e-01
 1.97142857e+00 -2.31428571e+00 -4.69272324e-02
 2.31428571e+00 -7.71428571e-01 3.26718603e-01
 -2.57142857e-01 -6.00000000e-01 3.36477995e+00
 -9.42857143e-01 2.82857143e+00 2.48481706e-01
 7.71428571e-01 -1.80000000e+00 -3.97045761e+00
 8.57142857e-02 1.45714286e+00 7.77591072e+00
 -1.62857143e+00 6.00000000e-01 -1.96958022e+00
 -8.57142857e-02 -2.31428571e+00 -2.48653851e+00
 1.97142857e+00 -2.57142857e-01 1.42885990e+00
 8.57142857e-02 -8.57142857e-02 8.14525762e-01
 8.57142857e-02 -1.11428571e+00 -2.54661236e+00
 1.45714286e+00 -2.31428571e+00 -3.45745823e-01
 1.62857143e+00 -1.80000000e+00 -3.67365754e-01
 1.97142857e+00 1.45714286e+00 3.39771965e-01
 2.48571429e+00 -6.00000000e-01 2.25507840e-01
 8.57142857e-02 2.48571429e+00 1.95225821e+00
 -2.82857143e+00 -2.48571429e+00 7.84138437e-04
 7.71428571e-01 -1.62857143e+00 -4.27808152e+00
 -1.80000000e+00 1.11428571e+00 -4.65018357e-01
 7.71428571e-01 2.14285714e+00 2.54215952e+00
 2.14285714e+00 -8.57142857e-02 9.63954456e-01
 1.97142857e+00 8.57142857e-02 1.49798421e+00
 -2.14285714e+00 -2.82857143e+00 4.10231458e-03
 -1.28571429e+00 1.28571429e+00 5.60410656e-01
 2.48571429e+00 1.97142857e+00 1.89873471e-02
 7.71428571e-01 -1.28571429e+00 -3.31112314e+00
 3.00000000e+00 -2.48571429e+00 -1.23447317e-05
 -2.82857143e+00 1.97142857e+00 2.91147054e-04
 -8.57142857e-02 -2.57142857e-01 2.02937218e+00
 9.42857143e-01 1.45714286e+00 3.54937433e+00
 -7.71428571e-01 2.14285714e+00 2.50529158e+00
 2.48571429e+00 9.42857143e-01 1.33305385e-01
 2.31428571e+00 -2.14285714e+00 -9.27964690e-03
 -2.48571429e+00 7.71428571e-01 -1.83724788e-01
 -9.42857143e-01 2.57142857e-01 -1.84775044e+00
 -1.80000000e+00 3.00000000e+00 1.14586364e-02
 -3.00000000e+00 2.14285714e+00 1.73332715e-04
 -2.31428571e+00 -2.31428571e+00 9.91991643e-03
 1.11428571e+00 1.11428571e+00 2.40173179e+00
 -7.71428571e-01 1.28571429e+00 3.35539514e+00
 1.28571429e+00 7.71428571e-01 2.26223376e+00
 -1.62857143e+00 4.28571429e-01 -2.33140180e+00
 -4.28571429e-01 -4.28571429e-01 3.42395514e+00
 1.28571429e+00 -3.00000000e+00 -5.61170003e-02
 -2.65714286e+00 1.97142857e+00 1.60024752e-03
 -1.97142857e+00 2.31428571e+00 5.66483197e-02
 -2.82857143e+00 -2.65714286e+00 4.91211547e-04
 -6.00000000e-01 -2.14285714e+00 -1.75286955e+00
 9.42857143e-01 2.14285714e+00 1.90923713e+00
 1.80000000e+00 -2.65714286e+00 -3.78659188e-02
 -2.82857143e+00 9.42857143e-01 -3.38761680e-02
 4.28571429e-01 1.28571429e+00 5.58302132e+00
 2.82857143e+00 -2.65714286e+00 -1.01857309e-04
 1.97142857e+00 3.00000000e+00 6.33659218e-03
 4.28571429e-01 -3.00000000e+00 -2.34648420e-01
 2.14285714e+00 6.00000000e-01 6.73957660e-01
 1.97142857e+00 1.62857143e+00 2.70848483e-01
 -2.82857143e+00 7.71428571e-01 -4.61357743e-02
 7.71428571e-01 9.42857143e-01 2.37631550e+00
 2.48571429e+00 6.00000000e-01 2.17120647e-01
 2.31428571e+00 1.11428571e+00 1.86425337e-01
 -2.31428571e+00 -2.82857143e+00 2.41847343e-03
 -7.71428571e-01 3.00000000e+00 1.65143013e-01
 -1.62857143e+00 -7.71428571e-01 -3.95861507e-01
 -4.28571429e-01 -1.62857143e+00 -3.30133339e+00
 3.00000000e+00 2.65714286e+00 1.68292686e-04
 1.80000000e+00 1.62857143e+00 4.67410086e-01
 -1.62857143e+00 1.80000000e+00 4.03192395e-01
 -4.28571429e-01 1.45714286e+00 6.53099490e+00
 2.31428571e+00 2.14285714e+00 2.73217818e-02
 2.48571429e+00 -2.65714286e+00 -1.21163570e-03
 7.71428571e-01 1.45714286e+00 4.53408357e+00
 1.28571429e+00 -2.14285714e+00 -8.27748387e-01
 2.31428571e+00 1.80000000e+00 5.69975771e-02
 -2.31428571e+00 -4.28571429e-01 -4.06379265e-01
 -8.57142857e-02 7.71428571e-01 1.65864684e+00
 -8.57142857e-02 -1.28571429e+00 -3.43855720e+00
 -6.00000000e-01 -2.65714286e+00 -4.50243076e-01
 -1.62857143e+00 -8.57142857e-02 -2.38413914e+00
 1.97142857e+00 1.80000000e+00 2.10244548e-01
 1.80000000e+00 6.00000000e-01 1.52212237e+00
 1.11428571e+00 -2.82857143e+00 -1.73821681e-01
 2.31428571e+00 -1.62857143e+00 1.80607003e-02
 -2.57142857e-01 -2.65714286e+00 -7.79376837e-01
 1.62857143e+00 2.65714286e+00 8.25700974e-02
 -1.11428571e+00 1.28571429e+00 1.25927204e+00
 -9.42857143e-01 2.65714286e+00 4.64841078e-01
 1.28571429e+00 -9.42857143e-01 9.29937967e-01
 1.28571429e+00 -1.97142857e+00 -1.07814635e+00
 1.45714286e+00 -1.80000000e+00 -7.14540780e-01
 -1.11428571e+00 -1.45714286e+00 4.32578992e-01
 -2.14285714e+00 -8.57142857e-02 -9.06213053e-01
 1.97142857e+00 7.71428571e-01 8.55742800e-01
 2.48571429e+00 -2.82857143e+00 -6.70175102e-04
 1.45714286e+00 1.45714286e+00 1.34152309e+00
 2.65714286e+00 1.28571429e+00 3.57732059e-02
 1.28571429e+00 -1.80000000e+00 -1.25213867e+00
 -1.45714286e+00 -9.42857143e-01 3.04006283e-01
 2.65714286e+00 2.14285714e+00 5.51681136e-03
 -1.28571429e+00 -2.65714286e+00 -2.84508209e-02
 2.14285714e+00 -1.62857143e+00 1.21387370e-02
 2.48571429e+00 -2.14285714e+00 -2.65144590e-03
 2.31428571e+00 -3.00000000e+00 -8.97995779e-04
 -1.45714286e+00 -2.82857143e+00 2.68484404e-03
 9.42857143e-01 -1.45714286e+00 -2.90895665e+00
 2.14285714e+00 -7.71428571e-01 5.48403179e-01
 2.57142857e-01 7.71428571e-01 1.26194865e+00
 -4.28571429e-01 -7.71428571e-01 3.48138438e+00
 -1.11428571e+00 -1.28571429e+00 9.22289892e-01
 1.62857143e+00 -4.28571429e-01 2.39438331e+00
 2.65714286e+00 2.31428571e+00 3.42868153e-03
 -1.11428571e+00 -4.28571429e-01 -3.04093567e-01
 -1.62857143e+00 1.45714286e+00 1.93838130e-01
 -1.11428571e+00 -9.42857143e-01 1.46319369e+00
 1.45714286e+00 7.71428571e-01 2.03221558e+00
 -1.62857143e+00 -2.82857143e+00 7.78834036e-03
 2.14285714e+00 -2.14285714e+00 -2.59818158e-02
 -7.71428571e-01 -8.57142857e-02 2.67804291e-01
 -9.42857143e-01 1.80000000e+00 2.92630982e+00
 -2.48571429e+00 2.31428571e+00 4.86984646e-03
 -2.48571429e+00 -2.48571429e+00 3.51853194e-03
 6.00000000e-01 -6.00000000e-01 3.56175579e-01
 9.42857143e-01 2.65714286e+00 4.69697153e-01
 -1.62857143e+00 2.48571429e+00 1.32379599e-01
 3.00000000e+00 9.42857143e-01 1.38048712e-02
 -2.48571429e+00 1.97142857e+00 5.60307104e-03
 -2.82857143e+00 6.00000000e-01 -5.84898069e-02
 -2.31428571e+00 -1.28571429e+00 -7.57965399e-03
 2.57142857e-01 2.31428571e+00 2.93125163e+00
 3.00000000e+00 -1.11428571e+00 1.02620129e-02
 -1.97142857e+00 -6.00000000e-01 -6.78839861e-01
 9.42857143e-01 4.28571429e-01 2.26593167e+00
 2.14285714e+00 -3.00000000e+00 -2.19410519e-03
 -2.48571429e+00 1.45714286e+00 -2.47719865e-02
 -2.82857143e+00 1.28571429e+00 -1.40798363e-02
 -1.28571429e+00 1.97142857e+00 1.09049500e+00
 1.80000000e+00 -2.14285714e+00 -1.37241068e-01
 -1.80000000e+00 -1.97142857e+00 7.16556044e-02
 -9.42857143e-01 -1.80000000e+00 -7.05095547e-01
 -8.57142857e-02 -1.11428571e+00 -1.45621815e+00
 3.00000000e+00 1.80000000e+00 2.18981623e-03
 -9.42857143e-01 -1.97142857e+00 -7.61346937e-01
 -1.97142857e+00 -2.57142857e-01 -1.20435608e+00
 -8.57142857e-02 1.28571429e+00 6.70015336e+00
 2.65714286e+00 -2.31428571e+00 -6.94227116e-04
 2.48571429e+00 -3.00000000e+00 -3.32210074e-04
 -2.31428571e+00 -8.57142857e-02 -5.50489460e-01
 -7.71428571e-01 -1.45714286e+00 -3.60758896e-01
 4.28571429e-01 -1.80000000e+00 -5.73268744e+00
 -1.45714286e+00 3.00000000e+00 3.54315243e-02
 -2.82857143e+00 8.57142857e-02 -8.05667386e-02
 -1.11428571e+00 -2.14285714e+00 -3.10727762e-01
 -8.57142857e-02 2.31428571e+00 3.11078118e+00
 2.57142857e-01 -2.57142857e-01 5.16690408e-01
 1.62857143e+00 -1.11428571e+00 5.45872787e-01
 -8.57142857e-02 2.48571429e+00 1.95285628e+00
 -2.48571429e+00 -2.14285714e+00 7.48157883e-03
 -2.82857143e+00 -1.80000000e+00 1.93408147e-03
 -9.42857143e-01 -2.65714286e+00 -1.71245581e-01
 2.14285714e+00 -1.97142857e+00 -2.68933984e-02
 1.45714286e+00 -7.71428571e-01 1.73962540e+00
 -1.45714286e+00 9.42857143e-01 -1.07329046e+00
 8.57142857e-02 1.28571429e+00 6.63991687e+00
 -4.28571429e-01 3.00000000e+00 2.49545315e-01
 8.57142857e-02 3.00000000e+00 2.97658050e-01
 -9.42857143e-01 -9.42857143e-01 2.14643309e+00
 3.00000000e+00 -2.65714286e+00 -1.73152748e-05
 -2.82857143e+00 -8.57142857e-02 -7.87122241e-02
 -1.28571429e+00 9.42857143e-01 -9.41370531e-01
 6.00000000e-01 1.28571429e+00 4.81821753e+00
 4.28571429e-01 6.00000000e-01 4.43663617e-01
 1.80000000e+00 1.97142857e+00 2.83248193e-01
 3.00000000e+00 4.28571429e-01 2.73206995e-02
 -2.48571429e+00 -1.62857143e+00 9.85648512e-03
 2.65714286e+00 -2.14285714e+00 -4.29187940e-04
 -1.28571429e+00 -2.82857143e+00 -1.15505531e-02
 1.45714286e+00 -2.48571429e+00 -2.20157177e-01
 -2.57142857e-01 -8.57142857e-02 2.05297758e+00
 1.45714286e+00 8.57142857e-02 3.35063573e+00
 -2.48571429e+00 8.57142857e-02 -3.18967969e-01
 -8.57142857e-02 4.28571429e-01 5.91697660e-01
 1.62857143e+00 9.42857143e-01 1.37497601e+00
 6.00000000e-01 -1.11428571e+00 -2.94600333e+00
 1.80000000e+00 2.82857143e+00 2.44873329e-02
 8.57142857e-02 8.57142857e-02 5.01398413e-01
 -2.48571429e+00 -2.65714286e+00 2.19621893e-03
 2.65714286e+00 -1.97142857e+00 7.18301963e-04
 2.65714286e+00 -1.11428571e+00 4.79296879e-02
 -2.48571429e+00 1.80000000e+00 1.86898134e-03
 -9.42857143e-01 1.97142857e+00 2.45054537e+00
 -2.14285714e+00 -1.80000000e+00 4.24636195e-02
 -1.62857143e+00 2.14285714e+00 2.92045327e-01
 9.42857143e-01 -2.57142857e-01 2.49035497e+00
 1.62857143e+00 1.97142857e+00 4.88440420e-01
 7.71428571e-01 -2.57142857e-01 1.60384326e+00
 1.28571429e+00 1.45714286e+00 1.93262444e+00
 -1.97142857e+00 1.11428571e+00 -3.60227770e-01
 -3.00000000e+00 -1.97142857e+00 7.57807219e-04
 1.28571429e+00 2.48571429e+00 3.84056732e-01
 8.57142857e-02 2.31428571e+00 3.10941436e+00
 -6.00000000e-01 -7.71428571e-01 3.50817426e+00
 -1.80000000e+00 -1.45714286e+00 1.62192257e-01
 1.97142857e+00 4.28571429e-01 1.25085972e+00
 -1.11428571e+00 2.31428571e+00 8.88010319e-01
 1.11428571e+00 2.14285714e+00 1.35683171e+00
 2.31428571e+00 4.28571429e-01 4.72456118e-01
 9.42857143e-01 -8.57142857e-02 2.64496895e+00
 2.82857143e+00 -2.14285714e+00 1.25482017e-04
 2.57142857e-01 -7.71428571e-01 -1.55159838e-01
 6.00000000e-01 1.45714286e+00 5.56115092e+00
 9.42857143e-01 2.57142857e-01 2.49751684e+00
 1.62857143e+00 6.00000000e-01 2.00859618e+00
 -3.00000000e+00 3.00000000e+00 3.22353596e-05
 7.71428571e-01 -8.57142857e-02 1.69174115e+00
 -8.57142857e-02 -3.00000000e+00 -2.33392295e-01
 -9.42857143e-01 -2.48571429e+00 -3.02871724e-01
 -3.00000000e+00 -2.57142857e-01 -3.28000736e-02
 1.28571429e+00 4.28571429e-01 3.00440159e+00
 -6.00000000e-01 -4.28571429e-01 2.98777171e+00
 2.82857143e+00 -1.45714286e+00 8.94240216e-03
 1.45714286e+00 1.80000000e+00 1.01668292e+00
 2.65714286e+00 2.65714286e+00 1.11041243e-03
 -2.48571429e+00 -1.80000000e+00 1.10008333e-02
 2.48571429e+00 -9.42857143e-01 1.33973846e-01
 -2.14285714e+00 9.42857143e-01 -3.91242852e-01
 -7.71428571e-01 -1.97142857e+00 -1.38978120e+00
 -1.97142857e+00 -2.31428571e+00 2.46597378e-02
 -2.82857143e+00 -9.42857143e-01 -2.15762333e-02
 -8.57142857e-02 -6.00000000e-01 2.46641432e+00
 -1.80000000e+00 4.28571429e-01 -1.80534460e+00
 2.31428571e+00 -1.11428571e+00 1.63435411e-01
 1.62857143e+00 8.57142857e-02 2.82001095e+00
 -2.65714286e+00 -1.80000000e+00 4.84295131e-03
 -1.28571429e+00 -1.45714286e+00 4.65474732e-01
 9.42857143e-01 2.31428571e+00 1.30069987e+00
 9.42857143e-01 6.00000000e-01 2.08105102e+00
 -2.65714286e+00 -1.45714286e+00 -7.98405336e-05
 -2.14285714e+00 -2.14285714e+00 2.43592799e-02
 2.31428571e+00 1.45714286e+00 1.04538726e-01
 -2.82857143e+00 -2.82857143e+00 2.88244372e-04
 -2.82857143e+00 1.45714286e+00 -7.58707894e-03
 7.71428571e-01 1.11428571e+00 3.21961307e+00
 1.45714286e+00 -1.28571429e+00 -9.38652161e-02
 -8.57142857e-02 2.14285714e+00 4.54571317e+00
 -2.31428571e+00 2.65714286e+00 4.83290590e-03
 -2.14285714e+00 -1.97142857e+00 3.35420838e-02
 1.97142857e+00 -1.62857143e+00 -2.14520898e-02
 -1.80000000e+00 -1.11428571e+00 4.48764706e-02
 -2.48571429e+00 -1.97142857e+00 9.67034760e-03
 1.62857143e+00 -1.45714286e+00 -1.49455261e-01
 -2.14285714e+00 4.28571429e-01 -8.28613567e-01
 7.71428571e-01 -7.71428571e-01 1.70163917e-01
 1.80000000e+00 1.80000000e+00 3.73778541e-01
 -6.00000000e-01 3.00000000e+00 2.09106132e-01
 3.00000000e+00 1.28571429e+00 7.07601221e-03
 -2.48571429e+00 3.00000000e+00 5.79117129e-04
 -1.80000000e+00 -2.14285714e+00 4.66811397e-02
 2.65714286e+00 -2.48571429e+00 -5.86444283e-04
 2.82857143e+00 1.62857143e+00 7.92386811e-03
 1.62857143e+00 -1.62857143e+00 -3.14562143e-01
 -2.31428571e+00 8.57142857e-02 -5.70059819e-01
 -1.97142857e+00 1.62857143e+00 5.19709766e-02
 -4.28571429e-01 -2.14285714e+00 -2.43228884e+00
 1.45714286e+00 -4.28571429e-01 2.82935187e+00
 2.65714286e+00 1.62857143e+00 1.79703630e-02
 2.48571429e+00 2.82857143e+00 1.36137445e-03
 -8.57142857e-02 6.00000000e-01 8.23471707e-01
 2.31428571e+00 -4.28571429e-01 4.85788274e-01
 2.57142857e-01 -4.28571429e-01 6.80004031e-01
 7.71428571e-01 2.82857143e+00 3.35274138e-01
 -9.42857143e-01 3.00000000e+00 1.22905536e-01
 -2.31428571e+00 1.62857143e+00 -5.60615320e-03
 -1.80000000e+00 1.28571429e+00 -1.75561238e-01
 -9.42857143e-01 8.57142857e-02 -1.54848056e+00
 7.71428571e-01 2.48571429e+00 1.08837675e+00
 8.57142857e-02 -2.82857143e+00 -5.14664986e-01
 -1.62857143e+00 -4.28571429e-01 -1.48407453e+00
 1.28571429e+00 1.28571429e+00 1.97269038e+00
 1.28571429e+00 1.80000000e+00 1.55691542e+00
 2.57142857e-01 -1.97142857e+00 -5.12352904e+00
 4.28571429e-01 4.28571429e-01 1.21548952e-01
 -2.57142857e-01 2.48571429e+00 1.84162218e+00
 2.48571429e+00 -7.71428571e-01 1.79809030e-01
 6.00000000e-01 2.31428571e+00 2.18926144e+00
 -2.57142857e-01 1.11428571e+00 4.73392161e+00
 1.97142857e+00 2.14285714e+00 1.09054998e-01
 -1.45714286e+00 -1.62857143e+00 2.38121455e-01
 -1.28571429e+00 3.00000000e+00 5.69380044e-02
 -9.42857143e-01 -3.00000000e+00 -3.83859619e-02
 9.42857143e-01 -2.48571429e+00 -8.02702985e-01
 -3.00000000e+00 -3.00000000e+00 6.67128030e-05
 2.14285714e+00 7.71428571e-01 5.42975812e-01
 -1.45714286e+00 -2.65714286e+00 -7.68809323e-05
 7.71428571e-01 8.57142857e-02 1.68091583e+00
 -9.42857143e-01 1.62857143e+00 3.11269118e+00
 9.42857143e-01 -2.82857143e+00 -2.48451454e-01
 2.14285714e+00 2.57142857e-01 9.00982733e-01
 -1.80000000e+00 2.14285714e+00 1.55873628e-01
 1.97142857e+00 -1.97142857e+00 -7.21492523e-02
 -2.65714286e+00 1.62857143e+00 -5.57217646e-03
 3.00000000e+00 -2.57142857e-01 3.13470989e-02
 1.62857143e+00 1.80000000e+00 6.31942258e-01
 1.80000000e+00 2.31428571e+00 1.32838845e-01
 2.14285714e+00 3.00000000e+00 3.15681437e-03
 1.11428571e+00 -1.80000000e+00 -2.00088243e+00
 1.97142857e+00 6.00000000e-01 1.05587559e+00
 -1.62857143e+00 -2.31428571e+00 2.44916053e-02
 -2.82857143e+00 2.48571429e+00 4.81747467e-04
 1.80000000e+00 -1.28571429e+00 2.16142569e-01
 1.45714286e+00 1.97142857e+00 7.99727699e-01
 -7.71428571e-01 9.42857143e-01 9.87351581e-01
 1.62857143e+00 1.62857143e+00 7.67790727e-01
 -2.65714286e+00 -9.42857143e-01 -4.14182531e-02
 -2.82857143e+00 1.11428571e+00 -2.29358938e-02
 -2.14285714e+00 2.14285714e+00 3.58381183e-02
 -3.00000000e+00 9.42857143e-01 -1.53886807e-02
 -2.14285714e+00 -2.48571429e+00 1.09308040e-02
 1.97142857e+00 -8.57142857e-02 1.50529031e+00
 -4.28571429e-01 6.00000000e-01 7.18215362e-01
 -1.97142857e+00 1.28571429e+00 -1.69390124e-01
 1.11428571e+00 1.97142857e+00 1.83383358e+00
 6.00000000e-01 6.00000000e-01 8.53690994e-01
 7.71428571e-01 -1.97142857e+00 -3.30160097e+00
 2.48571429e+00 8.57142857e-02 3.10040712e-01
 -7.71428571e-01 -3.00000000e+00 -7.05440401e-02
 -1.45714286e+00 2.57142857e-01 -2.94409593e+00
 9.42857143e-01 7.71428571e-01 2.08805889e+00
 2.14285714e+00 2.82857143e+00 6.47027365e-03
 -1.11428571e+00 2.82857143e+00 1.74111489e-01
 2.48571429e+00 2.65714286e+00 2.62153636e-03
 2.82857143e+00 -1.28571429e+00 1.50045437e-02
 3.00000000e+00 -1.97142857e+00 4.90820445e-04
 2.48571429e+00 -1.97142857e+00 -1.00167491e-03
 -7.71428571e-01 1.97142857e+00 3.32921572e+00
 -1.45714286e+00 2.31428571e+00 3.57835094e-01
 1.97142857e+00 -6.00000000e-01 1.07861923e+00
 2.57142857e-01 -8.57142857e-02 2.83666021e-01
 1.11428571e+00 9.42857143e-01 2.26210879e+00
 -2.31428571e+00 -3.00000000e+00 1.35658157e-03
 2.65714286e+00 2.82857143e+00 5.73444016e-04
 -1.97142857e+00 -2.82857143e+00 6.19239315e-03
 8.57142857e-02 -3.00000000e+00 -2.52128620e-01
 -2.48571429e+00 6.00000000e-01 -2.33549886e-01
 -3.00000000e+00 -2.48571429e+00 3.28591926e-04
 4.28571429e-01 3.00000000e+00 2.49554793e-01
 -2.57142857e-01 8.57142857e-02 1.49468728e+00
 4.28571429e-01 1.45714286e+00 6.53043271e+00
 -1.28571429e+00 1.80000000e+00 1.26594262e+00
 -3.00000000e+00 -1.62857143e+00 2.66592492e-04
 -2.14285714e+00 2.82857143e+00 5.80076140e-03
 2.48571429e+00 1.45714286e+00 5.31828767e-02
 -4.28571429e-01 2.31428571e+00 2.60700475e+00
 -1.97142857e+00 1.80000000e+00 8.85639541e-02
 -2.82857143e+00 2.57142857e-01 -7.72054600e-02
 -2.65714286e+00 8.57142857e-02 -1.65976725e-01
 3.00000000e+00 1.45714286e+00 4.87135992e-03
 1.62857143e+00 -8.57142857e-02 2.83051752e+00
 -1.28571429e+00 -1.97142857e+00 -8.15014322e-02
 -2.48571429e+00 2.65714286e+00 2.06124170e-03
 -1.11428571e+00 2.14285714e+00 1.28576745e+00
 8.57142857e-02 1.62857143e+00 8.00025992e+00
 3.00000000e+00 -2.14285714e+00 1.66232943e-04
 4.28571429e-01 1.11428571e+00 4.11028171e+00
 2.48571429e+00 2.48571429e+00 4.71662640e-03
 8.57142857e-02 -1.97142857e+00 -5.10139349e+00
 2.48571429e+00 2.31428571e+00 7.95015066e-03
 1.28571429e+00 -1.45714286e+00 -1.03900044e+00
 -1.28571429e+00 8.57142857e-02 -2.93247496e+00
 -1.80000000e+00 2.65714286e+00 4.25420675e-02
 1.28571429e+00 -8.57142857e-02 3.56930304e+00
 2.65714286e+00 -2.82857143e+00 -2.18845517e-04
 -2.48571429e+00 2.48571429e+00 3.36369987e-03
 -1.80000000e+00 -8.57142857e-02 -1.90255051e+00
 1.97142857e+00 1.11428571e+00 5.33264841e-01
 2.65714286e+00 -1.62857143e+00 8.86234798e-03
 2.57142857e-01 -1.28571429e+00 -4.94309378e+00
 -8.57142857e-02 1.80000000e+00 7.34825701e+00
 -1.62857143e+00 -2.57142857e-01 -2.00453800e+00
 -9.42857143e-01 6.00000000e-01 -1.51199187e+00
 1.45714286e+00 2.57142857e-01 3.15431418e+00
 2.82857143e+00 -8.57142857e-02 7.48759113e-02
 -1.97142857e+00 -3.00000000e+00 3.60088206e-03
 1.11428571e+00 -1.11428571e+00 -4.54994516e-01
 -8.57142857e-02 1.45714286e+00 7.81255406e+00
 3.00000000e+00 1.97142857e+00 1.42261776e-03
 2.31428571e+00 -2.82857143e+00 -1.81231312e-03
 -1.28571429e+00 1.11428571e+00 -1.37594495e-01
 2.31428571e+00 2.57142857e-01 5.32262490e-01
 -2.48571429e+00 -9.42857143e-01 -7.27483118e-02
 -8.57142857e-02 -4.28571429e-01 2.42923819e+00
 -1.62857143e+00 7.71428571e-01 -1.50687038e+00
 2.31428571e+00 -2.65714286e+00 -3.31378705e-03
 2.57142857e-01 -2.65714286e+00 -9.65183012e-01
 -9.42857143e-01 -2.31428571e+00 -4.74844517e-01
 -2.14285714e+00 -1.28571429e+00 8.69973804e-03
 -9.42857143e-01 -4.28571429e-01 8.09983175e-01
 4.28571429e-01 8.57142857e-02 1.50051507e-01
 -9.42857143e-01 -1.45714286e+00 1.87130127e-01
 6.00000000e-01 -2.57142857e-01 7.88310575e-01
 2.65714286e+00 -2.57142857e-01 1.50534306e-01
 3.00000000e+00 6.00000000e-01 2.29118333e-02
 -1.97142857e+00 -2.48571429e+00 1.60546019e-02
 1.11428571e+00 -2.14285714e+00 -1.28587513e+00
 -1.28571429e+00 -1.62857143e+00 2.01435315e-01
 -1.11428571e+00 -1.11428571e+00 1.32645336e+00
 1.45714286e+00 2.14285714e+00 5.81790226e-01
 -2.14285714e+00 2.57142857e-01 -9.15292066e-01
 1.28571429e+00 2.57142857e-01 3.35807370e+00
 1.80000000e+00 -2.57142857e-01 2.04869704e+00
 2.14285714e+00 2.14285714e+00 5.60704251e-02
 -2.14285714e+00 1.62857143e+00 8.54396959e-03
 6.00000000e-01 -2.31428571e+00 -2.12364868e+00
 2.57142857e-01 9.42857143e-01 2.74192222e+00
 -6.00000000e-01 -1.11428571e+00 1.55045370e+00
 -2.65714286e+00 2.31428571e+00 1.85092906e-03
 1.28571429e+00 1.97142857e+00 1.24310086e+00
 -2.65714286e+00 9.42857143e-01 -6.97005394e-02
 2.65714286e+00 -1.28571429e+00 3.07039031e-02
 2.82857143e+00 1.97142857e+00 3.56572214e-03
 8.57142857e-02 2.82857143e+00 6.02380655e-01
 2.65714286e+00 8.57142857e-02 1.57513315e-01
 -2.14285714e+00 7.71428571e-01 -5.47494992e-01
 -7.71428571e-01 2.57142857e-01 -7.94770686e-01
 1.62857143e+00 -1.28571429e+00 1.41766630e-01
 -1.45714286e+00 -1.97142857e+00 3.81059948e-02
 -1.97142857e+00 -8.57142857e-02 -1.37337641e+00
 6.00000000e-01 -2.82857143e+00 -4.11388148e-01
 8.57142857e-02 2.57142857e-01 2.73567017e-01
 -1.28571429e+00 -1.28571429e+00 7.34050042e-01
 1.45714286e+00 2.48571429e+00 2.42305300e-01
 -1.62857143e+00 -2.65714286e+00 1.10103996e-02
 2.65714286e+00 -1.45714286e+00 1.77133054e-02
 -1.28571429e+00 -2.31428571e+00 -8.48717102e-02
 2.31428571e+00 2.31428571e+00 1.74497114e-02
 2.31428571e+00 -6.00000000e-01 4.11223179e-01
 2.82857143e+00 1.80000000e+00 5.37837224e-03
 8.57142857e-02 2.14285714e+00 4.54276336e+00
 -2.65714286e+00 -8.57142857e-02 -1.61643073e-01
 -7.71428571e-01 -2.82857143e+00 -1.52077556e-01
 -7.71428571e-01 -7.71428571e-01 2.99503839e+00
 2.57142857e-01 -1.80000000e+00 -6.12500977e+00
 4.28571429e-01 -1.28571429e+00 -4.86619568e+00
 -2.14285714e+00 1.80000000e+00 3.42261200e-02
 -6.00000000e-01 1.28571429e+00 4.53933541e+00
 2.31428571e+00 2.48571429e+00 1.04530830e-02
 -7.71428571e-01 1.11428571e+00 2.21952374e+00
 2.14285714e+00 -1.45714286e+00 6.66758546e-02
 -2.14285714e+00 2.65714286e+00 1.06273303e-02
 -2.31428571e+00 1.28571429e+00 -8.65914526e-02
 2.31428571e+00 2.65714286e+00 5.85052606e-03
 3.00000000e+00 -6.00000000e-01 2.39254032e-02
 -2.82857143e+00 -7.71428571e-01 -3.37958513e-02
 -2.14285714e+00 1.45714286e+00 -4.45423555e-02
 -2.31428571e+00 4.28571429e-01 -4.97248056e-01
 3.00000000e+00 -1.45714286e+00 4.12960949e-03
 2.48571429e+00 -1.45714286e+00 3.17041311e-02
 2.31428571e+00 -1.80000000e+00 2.48310360e-05
 2.57142857e-01 2.14285714e+00 4.28199961e+00
 -1.28571429e+00 -2.14285714e+00 -1.03197968e-01
 1.80000000e+00 9.42857143e-01 1.00258493e+00
 7.71428571e-01 1.28571429e+00 4.02939674e+00
 -2.14285714e+00 -2.31428571e+00 1.66964142e-02
 4.28571429e-01 2.57142857e-01 8.15638696e-02
 2.14285714e+00 4.28571429e-01 8.00074000e-01
 1.28571429e+00 -2.57142857e-01 3.37139291e+00
 -1.45714286e+00 -8.57142857e-02 -2.65749554e+00
 -8.57142857e-02 1.11428571e+00 4.97251045e+00
 -2.14285714e+00 -4.28571429e-01 -6.53422577e-01
 -6.00000000e-01 -6.00000000e-01 3.52196357e+00
 2.82857143e+00 2.31428571e+00 1.39949439e-03
 -7.71428571e-01 -1.28571429e+00 6.92557112e-01
 1.97142857e+00 -7.71428571e-01 8.46524999e-01
 1.97142857e+00 -3.00000000e+00 -4.90475523e-03
 -2.14285714e+00 -2.57142857e-01 -8.04392852e-01
 -2.14285714e+00 8.57142857e-02 -9.43996671e-01
 -2.48571429e+00 9.42857143e-01 -1.33630053e-01
 -1.28571429e+00 -9.42857143e-01 8.07970508e-01
 1.45714286e+00 2.65714286e+00 1.38914257e-01
 3.00000000e+00 -2.82857143e+00 -1.16915362e-05
 -2.31428571e+00 -1.97142857e+00 1.89287570e-02
 -2.65714286e+00 -7.71428571e-01 -6.67025815e-02
 -1.62857143e+00 1.11428571e+00 -5.11645894e-01
 1.80000000e+00 4.28571429e-01 1.79783349e+00
 -1.80000000e+00 2.31428571e+00 1.11793239e-01
 1.28571429e+00 2.14285714e+00 9.12914408e-01
 -1.97142857e+00 -1.45714286e+00 8.57947963e-02
 6.00000000e-01 2.48571429e+00 1.37380379e+00
 8.57142857e-02 2.65714286e+00 1.12849840e+00
 -9.42857143e-01 2.31428571e+00 1.27403751e+00
 -2.82857143e+00 2.14285714e+00 6.66740038e-04
 -2.31428571e+00 3.00000000e+00 1.33869940e-03
 -1.11428571e+00 1.97142857e+00 1.69013049e+00
 2.14285714e+00 1.28571429e+00 2.50987014e-01
 1.11428571e+00 -8.57142857e-02 3.32989540e+00
 2.57142857e-01 -3.00000000e+00 -2.52364609e-01
 6.00000000e-01 2.57142857e-01 6.79087089e-01
 2.31428571e+00 -2.57142857e-01 5.41213318e-01
 -2.82857143e+00 -1.97142857e+00 1.92987810e-03
 -1.28571429e+00 2.82857143e+00 1.14900403e-01
 2.82857143e+00 -4.28571429e-01 6.39352335e-02
 -2.65714286e+00 -4.28571429e-01 -1.23284281e-01
 2.31428571e+00 1.62857143e+00 7.78451392e-02
 8.57142857e-02 -2.31428571e+00 -2.66938377e+00
 -4.28571429e-01 1.97142857e+00 5.08138745e+00
 1.45714286e+00 -2.57142857e-01 3.17954879e+00
 -6.00000000e-01 2.57142857e-01 2.17749485e-01
 1.45714286e+00 4.28571429e-01 2.81377606e+00
 1.28571429e+00 -2.31428571e+00 -5.74751992e-01
 -6.00000000e-01 -2.82857143e+00 -2.34567041e-01
 -9.42857143e-01 9.42857143e-01 1.31633534e-01
 -2.48571429e+00 -2.31428571e+00 5.30835888e-03
 -2.57142857e-01 -2.31428571e+00 -2.14360133e+00
 -1.28571429e+00 -4.28571429e-01 -1.09055258e+00
 -2.65714286e+00 2.82857143e+00 4.61382529e-04
 8.57142857e-02 -7.71428571e-01 7.20038015e-01
 -3.00000000e+00 2.48571429e+00 1.62609292e-04
 -8.57142857e-02 -9.42857143e-01 4.66380289e-01
 4.28571429e-01 -2.48571429e+00 -1.54765873e+00
 2.82857143e+00 2.14285714e+00 2.28447920e-03
 -1.97142857e+00 -1.62857143e+00 8.61294494e-02
 2.48571429e+00 -8.57142857e-02 3.11767698e-01
 2.65714286e+00 -7.71428571e-01 9.17199991e-02
 6.00000000e-01 8.57142857e-02 7.42347981e-01
 6.00000000e-01 -1.62857143e+00 -5.36322647e+00
 -2.48571429e+00 -7.71428571e-01 -1.21534146e-01
 1.11428571e+00 6.00000000e-01 2.49449456e+00
 -1.28571429e+00 6.00000000e-01 -2.37402877e+00
 -8.57142857e-02 -1.80000000e+00 -5.49432441e+00
 -1.11428571e+00 -1.62857143e+00 1.71607390e-02
 -2.57142857e-01 -7.71428571e-01 2.87349942e+00
 -2.31428571e+00 -6.00000000e-01 -3.04297305e-01
 2.31428571e+00 8.57142857e-02 5.66615948e-01
 -9.42857143e-01 -1.11428571e+00 1.68696030e+00
 2.57142857e-01 -2.31428571e+00 -2.65946819e+00
 4.28571429e-01 -1.97142857e+00 -4.76918247e+00
 -6.00000000e-01 -1.45714286e+00 -1.24974842e+00
 1.62857143e+00 4.28571429e-01 2.36192401e+00
 2.65714286e+00 -9.42857143e-01 6.87458449e-02
 1.11428571e+00 -2.31428571e+00 -8.87503261e-01
 -6.00000000e-01 -2.57142857e-01 2.18558288e+00
 -2.65714286e+00 -2.48571429e+00 1.73109904e-03
 -2.14285714e+00 2.48571429e+00 1.77733768e-02
 -9.42857143e-01 4.28571429e-01 -1.84455224e+00
 -1.62857143e+00 1.97142857e+00 3.68525029e-01
 2.65714286e+00 9.42857143e-01 6.71178898e-02
 -1.11428571e+00 2.48571429e+00 5.60734316e-01
 1.62857143e+00 -2.82857143e+00 -3.88892607e-02
 7.71428571e-01 -2.14285714e+00 -2.48496389e+00
 -1.80000000e+00 2.48571429e+00 7.22411650e-02
 3.00000000e+00 7.71428571e-01 1.82183297e-02
 -6.00000000e-01 9.42857143e-01 1.86784774e+00
 -8.57142857e-02 1.97142857e+00 6.06570149e+00
 2.57142857e-01 8.57142857e-02 8.87817673e-02
 1.11428571e+00 -2.57142857e-01 3.13868423e+00
 2.57142857e-01 1.62857143e+00 7.53295547e+00
 1.97142857e+00 -2.82857143e+00 -9.90114953e-03
 2.82857143e+00 9.42857143e-01 3.15068792e-02
 -6.00000000e-01 8.57142857e-02 7.01660948e-01
 2.82857143e+00 -9.42857143e-01 3.27276762e-02
 -7.71428571e-01 -9.42857143e-01 2.66456236e+00
 2.82857143e+00 6.00000000e-01 5.20417963e-02
 -6.00000000e-01 -1.97142857e+00 -2.19666037e+00
 -1.11428571e+00 -2.57142857e-01 -1.21848962e+00
 2.82857143e+00 7.71428571e-01 4.14401764e-02
 -1.97142857e+00 2.82857143e+00 1.19085973e-02
 -1.11428571e+00 -1.80000000e+00 -2.39258332e-01
 -1.97142857e+00 -4.28571429e-01 -9.59266887e-01
 -2.31428571e+00 1.45714286e+00 -3.70039361e-02
 -3.00000000e+00 1.28571429e+00 -6.54478122e-03
 -2.57142857e-01 1.28571429e+00 6.34520239e+00
 -2.57142857e-01 -1.80000000e+00 -4.58163297e+00
 -4.28571429e-01 -1.28571429e+00 -9.37224950e-01
 1.97142857e+00 9.42857143e-01 6.77099357e-01
 -1.28571429e+00 -1.11428571e+00 8.89528205e-01
 -2.65714286e+00 2.65714286e+00 8.23432338e-04
 2.65714286e+00 -2.65714286e+00 -3.87885824e-04
 1.45714286e+00 1.28571429e+00 1.44699859e+00
 -6.00000000e-01 6.00000000e-01 1.27253591e-01
 -2.57142857e-01 -3.00000000e+00 -1.99399628e-01
 1.11428571e+00 -1.62857143e+00 -2.08941730e+00
 8.57142857e-02 -1.45714286e+00 -5.81380251e+00
 2.31428571e+00 -9.42857143e-01 2.41445181e-01
 -6.00000000e-01 7.71428571e-01 7.57547937e-01
 2.82857143e+00 2.48571429e+00 8.12716619e-04
 1.28571429e+00 1.11428571e+00 1.98368269e+00
 8.57142857e-02 1.97142857e+00 6.05968631e+00
 -2.65714286e+00 1.28571429e+00 -2.80967093e-02
 9.42857143e-01 -9.42857143e-01 -1.60536100e-01
 4.28571429e-01 -2.65714286e+00 -8.94027788e-01
 -2.65714286e+00 2.14285714e+00 2.12975024e-03
 -2.82857143e+00 -1.11428571e+00 -1.18834153e-02
 2.48571429e+00 4.28571429e-01 2.58413109e-01
 1.45714286e+00 -1.62857143e+00 -6.79352258e-01
 7.71428571e-01 -3.00000000e+00 -1.63600048e-01
 3.00000000e+00 -9.42857143e-01 1.44909681e-02
 -3.00000000e+00 2.31428571e+00 2.04213229e-04
 -1.97142857e+00 2.65714286e+00 2.19375999e-02
 8.57142857e-02 6.00000000e-01 5.45071472e-01
 -2.57142857e-01 2.31428571e+00 2.93376041e+00
 4.28571429e-01 -1.62857143e+00 -6.17864956e+00
 4.28571429e-01 -1.45714286e+00 -5.89130038e+00
 -1.28571429e+00 2.14285714e+00 8.37471630e-01
 7.71428571e-01 7.71428571e-01 1.75379064e+00
 -1.45714286e+00 -1.11428571e+00 4.98271190e-01
 2.14285714e+00 9.42857143e-01 4.24004184e-01
 -1.97142857e+00 4.28571429e-01 -1.27577536e+00
 -1.62857143e+00 -6.00000000e-01 -9.13882781e-01
 6.00000000e-01 -8.57142857e-02 7.84419408e-01
 -1.11428571e+00 -2.31428571e+00 -2.33995682e-01
 -4.28571429e-01 -2.57142857e-01 2.75490943e+00
 -1.62857143e+00 -9.42857143e-01 -9.07474727e-03
 -7.71428571e-01 2.48571429e+00 1.08080879e+00
 -2.48571429e+00 -1.28571429e+00 -1.03113016e-02
 1.45714286e+00 -1.97142857e+00 -6.32978566e-01
 4.28571429e-01 1.80000000e+00 6.15491641e+00
 3.00000000e+00 -2.31428571e+00 3.03107411e-05
 -6.00000000e-01 -2.48571429e+00 -7.85089744e-01
 -2.31428571e+00 1.11428571e+00 -1.54632879e-01
 2.82857143e+00 1.11428571e+00 2.30699367e-02
 4.28571429e-01 -2.14285714e+00 -3.59076688e+00
 1.45714286e+00 -3.00000000e+00 -3.40909533e-02
 2.57142857e-01 3.00000000e+00 2.80649941e-01
 2.14285714e+00 -1.80000000e+00 -1.67060710e-02
 -2.48571429e+00 2.82857143e+00 1.14258619e-03
 2.48571429e+00 2.57142857e-01 2.91208951e-01
 -3.00000000e+00 -6.00000000e-01 -2.20090209e-02
 9.42857143e-01 -2.65714286e+00 -4.64867190e-01
 1.97142857e+00 -1.45714286e+00 6.42696315e-02
 1.80000000e+00 8.57142857e-02 2.15036676e+00
 -2.14285714e+00 1.28571429e+00 -1.30105679e-01
 -3.00000000e+00 -2.31428571e+00 4.83651121e-04
 -2.14285714e+00 -6.00000000e-01 -4.77990432e-01
 2.31428571e+00 -1.45714286e+00 5.01327708e-02
 -2.65714286e+00 3.00000000e+00 2.35482567e-04
 -8.57142857e-02 8.57142857e-02 1.09933912e+00
 -7.71428571e-01 6.00000000e-01 -6.92930392e-01
 -1.97142857e+00 -7.71428571e-01 -4.09019861e-01
 6.00000000e-01 -2.65714286e+00 -7.71245946e-01
 -2.31428571e+00 -2.14285714e+00 1.42110908e-02
 -2.57142857e-01 3.00000000e+00 2.80714578e-01
 2.82857143e+00 3.00000000e+00 1.09646145e-04
 9.42857143e-01 8.57142857e-02 2.64450004e+00
 1.28571429e+00 -7.71428571e-01 1.72774487e+00
 -1.11428571e+00 -1.97142857e+00 -3.32726659e-01
 1.80000000e+00 -2.48571429e+00 -6.43301007e-02
 2.14285714e+00 1.62857143e+00 1.49110945e-01
 2.65714286e+00 -6.00000000e-01 1.14735161e-01
 1.11428571e+00 -9.42857143e-01 5.03242555e-01
 -8.57142857e-02 9.42857143e-01 3.12913492e+00
 -1.28571429e+00 -2.48571429e+00 -5.46231315e-02
 1.80000000e+00 -9.42857143e-01 8.35889215e-01
 1.62857143e+00 -2.48571429e+00 -1.23647575e-01
 -3.00000000e+00 -1.11428571e+00 -5.94236771e-03
 -9.42857143e-01 2.14285714e+00 1.85206173e+00
 4.28571429e-01 -4.28571429e-01 4.03486529e-01
 -3.00000000e+00 2.57142857e-01 -3.49892345e-02
 1.45714286e+00 2.82857143e+00 7.37347073e-02
 -3.00000000e+00 2.65714286e+00 1.07123270e-04
 1.28571429e+00 -2.65714286e+00 -2.11624051e-01
 -4.28571429e-01 2.14285714e+00 3.80897070e+00
 1.97142857e+00 2.31428571e+00 7.13283711e-02
 1.62857143e+00 2.82857143e+00 4.37264443e-02
 2.65714286e+00 -1.80000000e+00 3.50490883e-03
 -8.57142857e-02 1.62857143e+00 8.02143350e+00
 1.45714286e+00 -2.65714286e+00 -1.28345408e-01
 4.28571429e-01 2.65714286e+00 9.46172708e-01
 3.00000000e+00 3.00000000e+00 4.10297275e-05
 2.48571429e+00 -1.11428571e+00 9.22667719e-02
 -6.00000000e-01 2.82857143e+00 4.23110387e-01
 2.82857143e+00 -2.31428571e+00 -1.03572273e-04
 -1.45714286e+00 -2.48571429e+00 -4.51398462e-03
 1.45714286e+00 1.11428571e+00 1.56309917e+00
 -1.45714286e+00 -1.80000000e+00 1.15367422e-01
 2.57142857e-01 2.65714286e+00 1.06396085e+00
 7.71428571e-01 -4.28571429e-01 1.38287117e+00
 9.42857143e-01 -6.00000000e-01 1.63814403e+00
 1.28571429e+00 8.57142857e-02 3.56342103e+00
 -2.48571429e+00 1.28571429e+00 -5.16534616e-02
 -1.80000000e+00 9.42857143e-01 -8.12111235e-01
 1.11428571e+00 2.31428571e+00 9.21136115e-01
 2.31428571e+00 -8.57142857e-02 5.69693086e-01
 -2.65714286e+00 7.71428571e-01 -9.53122370e-02
 1.80000000e+00 1.28571429e+00 6.74140663e-01
 1.45714286e+00 -1.11428571e+00 4.48712835e-01
 -6.00000000e-01 1.45714286e+00 5.38197997e+00
 -2.57142857e-01 -2.82857143e+00 -4.11347640e-01
 -1.62857143e+00 1.28571429e+00 -9.99495019e-02
 1.97142857e+00 -2.48571429e+00 -3.08803644e-02
 2.82857143e+00 -3.00000000e+00 -2.98085999e-05
 -2.65714286e+00 4.28571429e-01 -1.43451095e-01
 -2.65714286e+00 2.48571429e+00 1.32014893e-03
 1.80000000e+00 2.48571429e+00 8.14856999e-02
 -4.28571429e-01 -1.80000000e+00 -3.47907655e+00
 2.57142857e-01 2.48571429e+00 1.84052663e+00
 1.80000000e+00 -1.11428571e+00 4.98961350e-01
 -2.57142857e-01 1.62857143e+00 7.57257467e+00
 -1.11428571e+00 1.62857143e+00 2.07744956e+00
 -2.48571429e+00 2.14285714e+00 6.00202276e-03
 2.31428571e+00 1.97142857e+00 4.03963908e-02
 -2.82857143e+00 2.65714286e+00 3.07556116e-04
 2.82857143e+00 -2.82857143e+00 -5.99271565e-05
 2.82857143e+00 1.28571429e+00 1.64334061e-02
 1.97142857e+00 -4.28571429e-01 1.28027824e+00
 -6.00000000e-01 -1.80000000e+00 -2.37504425e+00
 -2.31428571e+00 -7.71428571e-01 -2.02781397e-01
 1.11428571e+00 8.57142857e-02 3.32849756e+00
 -1.80000000e+00 -1.62857143e+00 1.40752450e-01
 -2.31428571e+00 -1.80000000e+00 2.27088668e-02
 1.11428571e+00 2.48571429e+00 5.75290693e-01
 -9.42857143e-01 2.48571429e+00 8.02465930e-01
 6.00000000e-01 2.65714286e+00 7.93843755e-01
 -2.65714286e+00 -3.00000000e+00 3.51475050e-04
 3.00000000e+00 -4.28571429e-01 2.81669638e-02
 6.00000000e-01 9.42857143e-01 2.40941641e+00
 -3.00000000e+00 -2.82857143e+00 1.21281409e-04
 9.42857143e-01 -3.00000000e+00 -1.22873204e-01
 -1.62857143e+00 -1.45714286e+00 2.67914137e-01
 2.57142857e-01 -1.62857143e+00 -6.54269646e+00
 9.42857143e-01 9.42857143e-01 2.35380861e+00
 3.00000000e+00 2.31428571e+00 5.40520730e-04
 2.57142857e-01 -9.42857143e-01 -1.48318117e+00
 6.00000000e-01 3.00000000e+00 2.09302754e-01
 -2.57142857e-01 -4.28571429e-01 3.19735773e+00
 1.80000000e+00 -1.80000000e+00 -1.66249392e-01
 -3.00000000e+00 1.80000000e+00 -5.99471396e-04
 -7.71428571e-01 8.57142857e-02 -3.85384003e-01
 -2.82857143e+00 -2.14285714e+00 1.58890080e-03
 -1.97142857e+00 -2.14285714e+00 3.68339305e-02
 -1.62857143e+00 -3.00000000e+00 5.24762929e-03
 -1.97142857e+00 1.97142857e+00 9.21715541e-02
 2.31428571e+00 6.00000000e-01 3.97392145e-01
 1.45714286e+00 -9.42857143e-01 1.08626224e+00
 -9.42857143e-01 -7.71428571e-01 2.14274997e+00
 1.62857143e+00 -9.42857143e-01 1.02449970e+00
 2.14285714e+00 -9.42857143e-01 4.00590471e-01
 6.00000000e-01 7.71428571e-01 1.42088941e+00
 1.45714286e+00 -2.14285714e+00 -4.93527603e-01
 -2.31428571e+00 2.14285714e+00 1.53125178e-02
 1.62857143e+00 -2.57142857e-01 2.68217534e+00
 -4.28571429e-01 -1.45714286e+00 -2.42817502e+00
 1.80000000e+00 1.45714286e+00 5.64362735e-01
 1.97142857e+00 -1.80000000e+00 -6.28063480e-02
 -2.82857143e+00 2.82857143e+00 1.74700937e-04
 -3.00000000e+00 -1.28571429e+00 -2.77765252e-03
 1.45714286e+00 6.00000000e-01 2.40937956e+00
 3.00000000e+00 2.57142857e-01 3.08017567e-02
 -1.45714286e+00 1.11428571e+00 -4.28249831e-01
 -9.42857143e-01 1.28571429e+00 2.21537625e+00
 9.42857143e-01 -2.14285714e+00 -1.85417668e+00
 1.11428571e+00 1.45714286e+00 2.67143480e+00
 1.97142857e+00 -2.14285714e+00 -6.30985079e-02
 -1.97142857e+00 2.57142857e-01 -1.40499776e+00
 -2.65714286e+00 1.80000000e+00 -6.00132414e-04
 1.11428571e+00 -3.00000000e+00 -8.60199466e-02
 -2.57142857e-01 2.82857143e+00 5.68124601e-01
 -6.00000000e-01 1.11428571e+00 3.24835671e+00
 2.14285714e+00 8.57142857e-02 9.58959083e-01
 -2.57142857e-01 4.28571429e-01 7.97611164e-01
 -1.97142857e+00 1.45714286e+00 -3.13705097e-02
 1.80000000e+00 -7.71428571e-01 1.19419071e+00
 2.57142857e-01 -2.48571429e+00 -1.67169691e+00
 -7.71428571e-01 -1.11428571e+00 1.81023974e+00
 -1.45714286e+00 -4.28571429e-01 -1.46645606e+00
 -6.00000000e-01 -3.00000000e+00 -1.11202933e-01
 1.28571429e+00 -6.00000000e-01 2.43038721e+00
 -1.45714286e+00 -2.57142857e-01 -2.14482251e+00
 6.00000000e-01 -4.28571429e-01 6.93589401e-01
 2.14285714e+00 -2.31428571e+00 -2.01959887e-02
 -2.65714286e+00 -1.28571429e+00 -8.08742344e-03
 2.14285714e+00 1.11428571e+00 3.26293303e-01
 8.57142857e-02 -2.65714286e+00 -9.69191837e-01
 1.62857143e+00 -6.00000000e-01 1.99685175e+00
 1.62857143e+00 1.28571429e+00 1.01358916e+00
 4.28571429e-01 -8.57142857e-02 2.52547305e-01
 -2.31428571e+00 -1.11428571e+00 -4.97392365e-02
 2.82857143e+00 2.82857143e+00 2.28221961e-04
 2.14285714e+00 1.45714286e+00 1.93847274e-01
 2.57142857e-01 -2.82857143e+00 -5.13498829e-01
 6.00000000e-01 -1.45714286e+00 -5.13452509e+00
 -1.11428571e+00 7.71428571e-01 -1.42748774e+00
 -1.97142857e+00 -1.28571429e+00 5.25076286e-02
 -3.00000000e+00 2.82857143e+00 6.19344641e-05
 -2.14285714e+00 6.00000000e-01 -6.99681830e-01
 9.42857143e-01 1.80000000e+00 3.14635649e+00
 2.31428571e+00 2.82857143e+00 3.05349619e-03
 -4.28571429e-01 9.42857143e-01 2.59106018e+00
 -1.28571429e+00 -2.57142857e-01 -1.90946214e+00
 -1.28571429e+00 2.31428571e+00 5.81679134e-01
 -2.82857143e+00 4.28571429e-01 -6.93889785e-02
 9.42857143e-01 -7.71428571e-01 8.52966203e-01
 4.28571429e-01 -1.11428571e+00 -3.35497740e+00
 2.57142857e-01 -6.00000000e-01 5.39973849e-01
 9.42857143e-01 -1.11428571e+00 -1.26691493e+00
 -1.45714286e+00 2.65714286e+00 1.32929590e-01
 -1.80000000e+00 2.82857143e+00 2.29921750e-02
 -1.80000000e+00 -2.65714286e+00 1.25932543e-02
 1.28571429e+00 2.31428571e+00 6.16837966e-01
 8.57142857e-02 1.11428571e+00 4.87822335e+00
 7.71428571e-01 3.00000000e+00 1.65594589e-01
 7.71428571e-01 2.57142857e-01 1.58346783e+00
 -1.45714286e+00 -7.71428571e-01 -1.21872078e-01
 8.57142857e-02 -1.62857143e+00 -6.35845677e+00
 -2.65714286e+00 1.11428571e+00 -4.67357879e-02
 -1.45714286e+00 -1.28571429e+00 4.98601023e-01
 1.97142857e+00 -2.65714286e+00 -1.83206565e-02
 -1.62857143e+00 2.31428571e+00 2.06570554e-01
 -2.82857143e+00 1.80000000e+00 -8.71185678e-04
 1.11428571e+00 -4.28571429e-01 2.76089991e+00
 7.71428571e-01 -1.11428571e+00 -2.17036371e+00
 -1.45714286e+00 -2.14285714e+00 2.43723081e-03
 -2.48571429e+00 1.62857143e+00 -7.48553656e-03
 -2.57142857e-01 -2.14285714e+00 -3.08248445e+00
 -1.80000000e+00 -9.42857143e-01 -1.55033908e-01
 1.11428571e+00 1.80000000e+00 2.26921667e+00
 -8.57142857e-02 -7.71428571e-01 1.84678371e+00
 2.65714286e+00 6.00000000e-01 1.10186883e-01
 -1.62857143e+00 9.42857143e-01 -1.00012934e+00
 2.14285714e+00 -2.57142857e-01 9.15462003e-01
 1.97142857e+00 1.28571429e+00 4.23798507e-01
 8.57142857e-02 7.71428571e-01 1.45668484e+00
 -1.11428571e+00 -2.48571429e+00 -1.49817505e-01
 -2.14285714e+00 -1.11428571e+00 -5.55222757e-02
 8.57142857e-02 -2.57142857e-01 1.17375175e+00
 2.31428571e+00 7.71428571e-01 3.18788360e-01
 4.28571429e-01 -7.71428571e-01 -5.36166494e-01
 1.28571429e+00 2.65714286e+00 2.20771301e-01
 -4.28571429e-01 -2.82857143e+00 -3.25242902e-01
 8.57142857e-02 -4.28571429e-01 1.45470364e+00
 8.57142857e-02 -2.14285714e+00 -3.87373748e+00
 -1.62857143e+00 -1.11428571e+00 2.14137691e-01
 1.45714286e+00 -6.00000000e-01 2.33768515e+00
 2.31428571e+00 -1.97142857e+00 -7.76290106e-03
 2.65714286e+00 -4.28571429e-01 1.35224953e-01
 -1.11428571e+00 3.00000000e+00 8.61866538e-02
 -1.45714286e+00 -2.31428571e+00 -6.80721735e-03
 2.48571429e+00 -2.31428571e+00 -2.60153844e-03
 -1.80000000e+00 1.80000000e+00 1.99372851e-01
 2.57142857e-01 -1.11428571e+00 -3.22894256e+00
 -2.65714286e+00 -1.11428571e+00 -2.16541619e-02
 -1.62857143e+00 -2.48571429e+00 1.57443098e-02
 -6.00000000e-01 1.62857143e+00 5.57231815e+00
 -9.42857143e-01 1.45714286e+00 2.88267242e+00
 -8.57142857e-02 -1.62857143e+00 -5.65051695e+00
 6.00000000e-01 -3.00000000e+00 -2.03010138e-01
 -1.97142857e+00 -1.80000000e+00 7.12483500e-02
 1.80000000e+00 -2.31428571e+00 -9.92416043e-02
 -2.48571429e+00 2.57142857e-01 -3.07101477e-01
 3.00000000e+00 -7.71428571e-01 1.91877491e-02
 -1.97142857e+00 -1.97142857e+00 5.29067643e-02
 -7.71428571e-01 1.62857143e+00 4.31817134e+00
 7.71428571e-01 6.00000000e-01 1.46855608e+00
 -2.14285714e+00 2.31428571e+00 2.68334234e-02
 1.62857143e+00 7.71428571e-01 1.66227462e+00
 -1.11428571e+00 -3.00000000e+00 -1.61313567e-02
 -2.31428571e+00 2.82857143e+00 2.65612456e-03
 -2.14285714e+00 3.00000000e+00 2.91030144e-03
 -1.11428571e+00 9.42857143e-01 -5.39877286e-01
 -1.45714286e+00 2.48571429e+00 2.27856502e-01
 -3.00000000e+00 -7.71428571e-01 -1.58990500e-02
 -1.28571429e+00 7.71428571e-01 -1.72350489e+00
 -2.57142857e-01 2.57142857e-01 1.04549747e+00
 2.14285714e+00 -4.28571429e-01 8.21123475e-01
 -3.00000000e+00 6.00000000e-01 -2.64650094e-02
 1.11428571e+00 -7.71428571e-01 1.42271950e+00
 2.82857143e+00 8.57142857e-02 7.44528958e-02
 8.57142857e-02 -9.42857143e-01 -6.68861611e-01
 -1.97142857e+00 8.57142857e-02 -1.44175091e+00
 1.80000000e+00 -6.00000000e-01 1.53789229e+00
 -1.62857143e+00 2.57142857e-01 -2.54369322e+00
 4.28571429e-01 2.48571429e+00 1.63691022e+00
 -6.00000000e-01 -1.62857143e+00 -2.09212999e+00
 -1.80000000e+00 7.71428571e-01 -1.17988037e+00
 9.42857143e-01 2.48571429e+00 8.14185434e-01
 -1.80000000e+00 -3.00000000e+00 4.84031145e-03
 4.28571429e-01 2.14285714e+00 3.80956897e+00
 -2.48571429e+00 4.28571429e-01 -2.76827262e-01
 -1.45714286e+00 -1.45714286e+00 3.84533981e-01
 1.11428571e+00 1.28571429e+00 2.58481705e+00
 1.80000000e+00 -4.28571429e-01 1.83288651e+00
 1.45714286e+00 -1.45714286e+00 -4.78391733e-01
 8.57142857e-02 9.42857143e-01 2.98817981e+00
 -1.80000000e+00 -2.31428571e+00 3.00688507e-02
 -1.80000000e+00 2.57142857e-01 -1.98038060e+00
 -1.28571429e+00 1.45714286e+00 1.04724234e+00
 -3.00000000e+00 -1.45714286e+00 -7.91722360e-04
 -1.11428571e+00 -7.71428571e-01 1.21112183e+00
 2.48571429e+00 -2.48571429e+00 -1.92941780e-03
 9.42857143e-01 1.97142857e+00 2.56609745e+00
 -2.65714286e+00 -1.62857143e+00 3.73028618e-03
 -9.42857143e-01 -1.62857143e+00 -3.95678804e-01
 4.28571429e-01 2.31428571e+00 2.60731309e+00
 -1.45714286e+00 1.80000000e+00 7.44320722e-01
 2.31428571e+00 3.00000000e+00 1.48500967e-03
 2.82857143e+00 -2.48571429e+00 -1.36241676e-04
 -1.28571429e+00 2.65714286e+00 2.14372613e-01
 -2.82857143e+00 -1.28571429e+00 -5.08453405e-03
 1.97142857e+00 2.48571429e+00 4.34509679e-02
 -9.42857143e-01 7.71428571e-01 -8.34703333e-01
 -6.00000000e-01 -9.42857143e-01 2.81159624e+00
 6.00000000e-01 -1.80000000e+00 -4.96119944e+00
 2.65714286e+00 1.45714286e+00 2.54852677e-02
 -4.28571429e-01 -2.48571429e+00 -1.07706827e+00
 2.82857143e+00 -2.57142857e-01 7.11603976e-02
 9.42857143e-01 -1.62857143e+00 -3.12929132e+00
 1.28571429e+00 9.42857143e-01 2.05718908e+00
 -2.48571429e+00 -1.45714286e+00 3.77413734e-03
 -2.31428571e+00 -2.48571429e+00 6.53289772e-03
 -1.45714286e+00 -3.00000000e+00 3.36446201e-03
 2.48571429e+00 7.71428571e-01 1.73622613e-01
 1.45714286e+00 3.00000000e+00 3.62921276e-02
 1.62857143e+00 2.57142857e-01 2.65274344e+00
 4.28571429e-01 7.71428571e-01 1.23325213e+00
 6.00000000e-01 2.82857143e+00 4.23643795e-01
 7.71428571e-01 -2.48571429e+00 -1.07195939e+00
 -7.71428571e-01 -1.62857143e+00 -1.09731735e+00
 2.14285714e+00 -2.65714286e+00 -8.15597140e-03
 -1.45714286e+00 1.97142857e+00 6.56922786e-01
 -2.82857143e+00 -1.62857143e+00 1.17857952e-03
 -8.57142857e-02 -1.97142857e+00 -4.69814269e+00
 -2.57142857e-01 -2.48571429e+00 -1.35292886e+00
 2.82857143e+00 2.65714286e+00 4.44619747e-04
 -2.65714286e+00 6.00000000e-01 -1.20971215e-01
 2.65714286e+00 1.97142857e+00 8.45607583e-03
 -2.82857143e+00 -3.00000000e+00 1.58866177e-04
 2.57142857e-01 2.57142857e-01 -3.69557601e-02
 -4.28571429e-01 -1.11428571e+00 8.46092365e-01
 1.62857143e+00 2.31428571e+00 2.34182067e-01
 -1.11428571e+00 -6.00000000e-01 5.75799387e-01
 -1.62857143e+00 8.57142857e-02 -2.56798051e+00
 -6.00000000e-01 2.31428571e+00 2.18180474e+00
 2.57142857e-01 1.45714286e+00 7.31344360e+00
 -1.28571429e+00 -1.80000000e+00 1.33469377e-02
 1.80000000e+00 -2.82857143e+00 -2.03958365e-02
 -1.62857143e+00 -1.80000000e+00 1.29756153e-01
 -2.82857143e+00 1.62857143e+00 -3.32168411e-03
 9.42857143e-01 -1.80000000e+00 -2.93566554e+00
 -1.45714286e+00 -6.00000000e-01 -7.46238512e-01
 -3.00000000e+00 -8.57142857e-02 -3.58344589e-02
 -1.11428571e+00 -2.82857143e+00 -3.97817327e-02
 -2.57142857e-01 -1.62857143e+00 -4.56038366e+00
 -2.31428571e+00 -9.42857143e-01 -1.15302349e-01
 2.48571429e+00 1.80000000e+00 2.74112486e-02
 -9.42857143e-01 -2.14285714e+00 -6.51776724e-01
 -3.00000000e+00 8.57142857e-02 -3.65797696e-02
 1.28571429e+00 2.82857143e+00 1.17399410e-01
 1.45714286e+00 1.62857143e+00 1.20254932e+00
 7.71428571e-01 2.31428571e+00 1.73604983e+00
 -2.31428571e+00 1.80000000e+00 1.06131803e-02
 6.00000000e-01 -2.14285714e+00 -3.09732153e+00
 -2.65714286e+00 2.57142857e-01 -1.59393762e-01
 1.11428571e+00 -6.00000000e-01 2.18978898e+00
 1.28571429e+00 -2.48571429e+00 -3.64076732e-01
 -1.45714286e+00 6.00000000e-01 -2.29550474e+00
 2.82857143e+00 -1.80000000e+00 2.18897068e-03
 6.00000000e-01 1.97142857e+00 4.27572261e+00
 1.11428571e+00 2.57142857e-01 3.14057626e+00
 -2.14285714e+00 1.11428571e+00 -2.47899168e-01
 2.82857143e+00 4.28571429e-01 6.20271037e-02
 1.28571429e+00 -2.82857143e+00 -1.13347177e-01
 8.57142857e-02 1.80000000e+00 7.33665793e+00
 2.14285714e+00 1.97142857e+00 8.14879481e-02
 2.65714286e+00 -3.00000000e+00 -1.08589775e-04
 -2.57142857e-01 1.80000000e+00 6.93363508e+00
 -1.28571429e+00 -6.00000000e-01 -2.56565918e-01
 6.00000000e-01 1.62857143e+00 5.67993773e+00
 -8.57142857e-02 -2.65714286e+00 -9.03419769e-01
 -9.42857143e-01 -1.28571429e+00 9.50038390e-01
 -1.28571429e+00 2.57142857e-01 -3.01576109e+00
 -2.48571429e+00 -2.82857143e+00 1.29416922e-03
 3.00000000e+00 -1.80000000e+00 1.14357463e-03
 -2.65714286e+00 -2.14285714e+00 3.59644013e-03
 4.28571429e-01 -2.82857143e+00 -4.76327222e-01
 2.14285714e+00 1.80000000e+00 1.12363304e-01
 2.48571429e+00 2.14285714e+00 1.26145818e-02
 -3.00000000e+00 1.62857143e+00 -1.72451047e-03
 -7.71428571e-01 -2.31428571e+00 -8.14737250e-01
 6.00000000e-01 1.80000000e+00 5.18835658e+00
 -2.57142857e-01 1.97142857e+00 5.72192345e+00
 -7.71428571e-01 -1.80000000e+00 -1.42192259e+00
 -2.65714286e+00 -6.00000000e-01 -9.52143692e-02
 -1.45714286e+00 2.82857143e+00 7.13975153e-02
 1.62857143e+00 2.14285714e+00 3.51307325e-01
 7.71428571e-01 4.28571429e-01 1.46445933e+00
 -9.42857143e-01 -6.00000000e-01 1.64889308e+00
 -6.00000000e-01 2.48571429e+00 1.37051813e+00
 -1.45714286e+00 4.28571429e-01 -2.71944718e+00
 4.28571429e-01 2.82857143e+00 5.05042623e-01
 -8.57142857e-02 -1.45714286e+00 -4.95111106e+00
 8.57142857e-02 4.28571429e-01 2.21109284e-01
 1.11428571e+00 -2.48571429e+00 -5.60158580e-01
 1.11428571e+00 2.65714286e+00 3.31381867e-01
 1.62857143e+00 -2.65714286e+00 -7.23749017e-02
 2.48571429e+00 3.00000000e+00 6.59673410e-04
 2.65714286e+00 3.00000000e+00 2.76742611e-04
 6.00000000e-01 -1.28571429e+00 -4.26117702e+00
 3.00000000e+00 2.14285714e+00 8.95326049e-04
 -6.00000000e-01 1.80000000e+00 5.12775730e+00
 7.71428571e-01 -2.31428571e+00 -1.70495099e+00
 -2.14285714e+00 -1.45714286e+00 3.91134672e-02
 1.80000000e+00 -1.45714286e+00 9.58924595e-03
 2.31428571e+00 1.28571429e+00 1.39717386e-01
 2.57142857e-01 2.82857143e+00 5.67948682e-01
 -3.00000000e+00 1.11428571e+00 -1.04963968e-02
 -1.11428571e+00 2.57142857e-01 -2.64596989e+00
 -9.42857143e-01 1.11428571e+00 1.22596674e+00
 -2.14285714e+00 -2.65714286e+00 6.85306884e-03
 3.00000000e+00 -8.57142857e-02 3.29836004e-02
 3.00000000e+00 8.57142857e-02 3.27972813e-02
 -2.48571429e+00 -4.28571429e-01 -2.32631905e-01
 -1.11428571e+00 -8.57142857e-02 -1.97590268e+00
 -1.11428571e+00 -2.65714286e+00 -8.30174936e-02
 3.00000000e+00 1.62857143e+00 3.29476134e-03
 -1.28571429e+00 -3.00000000e+00 -2.93317312e-03
 6.00000000e-01 -9.42857143e-01 -1.53847441e+00
 2.82857143e+00 -1.11428571e+00 2.30229939e-02
 -6.00000000e-01 -1.28571429e+00 6.23977599e-02
 -2.82857143e+00 -1.45714286e+00 -9.31172425e-04
 2.48571429e+00 -1.80000000e+00 3.96306782e-03
 -2.65714286e+00 1.45714286e+00 -1.44521531e-02
 -1.62857143e+00 2.65714286e+00 7.75464165e-02
 -2.57142857e-01 2.14285714e+00 4.28742903e+00
 -1.80000000e+00 -1.28571429e+00 1.41514148e-01
 1.97142857e+00 -1.11428571e+00 3.86280912e-01
 -2.48571429e+00 1.11428571e+00 -8.84460436e-02
 -1.80000000e+00 1.45714286e+00 3.25795400e-02
 -2.31428571e+00 -2.57142857e-01 -4.93115512e-01
 1.28571429e+00 -4.28571429e-01 2.98606167e+00
 -1.97142857e+00 -2.65714286e+00 1.01565944e-02
 -7.71428571e-01 -2.65714286e+00 -2.95611890e-01
 -1.45714286e+00 1.62857143e+00 7.12919074e-01
 2.57142857e-01 4.28571429e-01 -1.13266021e-02
 -2.57142857e-01 9.42857143e-01 3.02241313e+00
 -3.00000000e+00 7.71428571e-01 -2.08923826e-02
 -2.31428571e+00 1.97142857e+00 1.60896093e-02
 -2.48571429e+00 -6.00000000e-01 -1.77251626e-01
 -1.11428571e+00 1.80000000e+00 1.99534234e+00
 -2.57142857e-01 -1.28571429e+00 -2.18144965e+00
 -1.97142857e+00 -9.42857143e-01 -1.87446083e-01
 8.57142857e-02 -1.80000000e+00 -6.04390940e+00
 2.48571429e+00 -1.28571429e+00 5.76912583e-02
 2.14285714e+00 2.31428571e+00 3.62586602e-02
 -1.80000000e+00 -2.48571429e+00 1.94676045e-02
 -2.31428571e+00 6.00000000e-01 -4.19697982e-01
 -1.62857143e+00 2.82857143e+00 4.17646129e-02
 1.45714286e+00 2.31428571e+00 3.90724653e-01
 4.28571429e-01 1.97142857e+00 5.08241680e+00
 8.57142857e-02 -1.28571429e+00 -4.43430054e+00
 -2.57142857e-01 7.71428571e-01 1.67462115e+00
 9.42857143e-01 3.00000000e+00 1.23604174e-01
 -1.80000000e+00 1.62857143e+00 1.53734896e-01
